f(x) = 2 * sin(x)
on interval [2 - 4]

N = 10
Functions:
0.06979899340500194
0.07677561827899293
0.08375130766627621
0.09072597657027548
0.09769954000684865
0.10467191300532347
0.11164301060953274
0.1186127478788496
0.12558103988922237
0.13254780173420944
0.13951294852601379

Splines:
0.07503154577781648
0.08200747700575822
0.08898240899844286
0.0959562567685227
0.1029289353418609
0.10990035975856696
0.11687044507403194
0.12383910635996324
0.1308062587054199
0.13777181721784662

Delta: 0.005228523199453778

N = 20
Functions:
0.06979899340500194
0.07328741746509249
0.07677561827899293
0.08026358522103835
0.08375130766627621
0.08723877499049879
0.09072597657027548
0.09421290178298518
0.09769954000684865
0.1011858806209609
0.10467191300532347
0.10815762654087682
0.11164301060953274
0.11512805459420657
0.1186127478788496
0.12209707984848144
0.12558103988922237
0.12906461738832553
0.13254780173420944
0.13603058231649018
0.13951294852601379

Splines:
0.07241533188130193
0.07590358950293843
0.07939161590907086
0.08287940047456556
0.08636693257502558
0.089854201586823
0.09334119688713126
0.0968279078539577
0.10031432386617567
0.10380043430355707
0.1072862285468046
0.11077169597758416
0.1142568259785572
0.11774160793341297
0.121226031226901
0.12471008524486339
0.1281937593742669
0.13167704300323585
0.1351599255210838
0.13864239631834627

Delta: 0.0026142853255263967
